{
    "5kir_B": {
        "pdb_id": "5kir",
        "auth_asym_id": "B",
        "struct_asym_id": "B",
        "matrix": [
            [
                1.0,
                0.0,
                -0.0,
                0.0
            ],
            [
                -0.0,
                1.0,
                -0.0,
                -0.0
            ],
            [
                -0.0,
                0.0,
                1.0,
                -0.0
            ],
            [
                0,
                0,
                0,
                1
            ]
        ]
    },
    "5ikq_B": {
        "pdb_id": "5ikq",
        "auth_asym_id": "B",
        "struct_asym_id": "B",
        "matrix": [
            [
                0.979,
                -0.183,
                0.09,
                11.636
            ],
            [
                -0.196,
                -0.725,
                0.66,
                33.618
            ],
            [
                -0.056,
                -0.664,
                -0.746,
                82.044
            ],
            [
                0,
                0,
                0,
                1
            ]
        ]
    },
    "5ikr_A": {
        "pdb_id": "5ikr",
        "auth_asym_id": "A",
        "struct_asym_id": "A",
        "matrix": [
            [
                -0.292,
                0.568,
                -0.77,
                81.608
            ],
            [
                -0.619,
                -0.726,
                -0.301,
                82.848
            ],
            [
                -0.729,
                0.389,
                0.563,
                -0.612
            ],
            [
                0,
                0,
                0,
                1
            ]
        ]
    },
    "5f1a_A": {
        "pdb_id": "5f1a",
        "auth_asym_id": "A",
        "struct_asym_id": "A",
        "matrix": [
            [
                -0.984,
                0.158,
                0.083,
                44.377
            ],
            [
                0.172,
                0.721,
                0.671,
                -146.143
            ],
            [
                0.046,
                0.675,
                -0.736,
                165.503
            ],
            [
                0,
                0,
                0,
                1
            ]
        ]
    },
    "5ikr_B": {
        "pdb_id": "5ikr",
        "auth_asym_id": "B",
        "struct_asym_id": "B",
        "matrix": [
            [
                -0.999,
                0.032,
                0.026,
                61.817
            ],
            [
                0.031,
                0.999,
                -0.04,
                2.66
            ],
            [
                -0.027,
                -0.039,
                -0.999,
                95.466
            ],
            [
                0,
                0,
                0,
                1
            ]
        ]
    },
    "5ikq_A": {
        "pdb_id": "5ikq",
        "auth_asym_id": "A",
        "struct_asym_id": "A",
        "matrix": [
            [
                0.117,
                -0.983,
                -0.143,
                75.34
            ],
            [
                0.705,
                0.183,
                -0.685,
                26.115
            ],
            [
                0.699,
                -0.021,
                0.715,
                -20.411
            ],
            [
                0,
                0,
                0,
                1
            ]
        ]
    },
    "5f19_B": {
        "pdb_id": "5f19",
        "auth_asym_id": "B",
        "struct_asym_id": "B",
        "matrix": [
            [
                0.136,
                -0.981,
                -0.141,
                73.959
            ],
            [
                0.66,
                0.196,
                -0.725,
                30.007
            ],
            [
                0.739,
                0.005,
                0.674,
                -19.93
            ],
            [
                0,
                0,
                0,
                1
            ]
        ]
    },
    "5f1a_B": {
        "pdb_id": "5f1a",
        "auth_asym_id": "B",
        "struct_asym_id": "B",
        "matrix": [
            [
                -0.142,
                0.98,
                -0.138,
                41.871
            ],
            [
                -0.691,
                -0.198,
                -0.695,
                205.129
            ],
            [
                -0.708,
                -0.003,
                0.706,
                -104.678
            ],
            [
                0,
                0,
                0,
                1
            ]
        ]
    },
    "5ikv_B": {
        "pdb_id": "5ikv",
        "auth_asym_id": "B",
        "struct_asym_id": "B",
        "matrix": [
            [
                -0.29,
                -0.579,
                0.762,
                34.359
            ],
            [
                -0.585,
                0.738,
                0.338,
                -100.328
            ],
            [
                -0.758,
                -0.348,
                -0.552,
                328.818
            ],
            [
                0,
                0,
                0,
                1
            ]
        ]
    },
    "5ikt_B": {
        "pdb_id": "5ikt",
        "auth_asym_id": "B",
        "struct_asym_id": "B",
        "matrix": [
            [
                -0.287,
                -0.578,
                0.764,
                32.793
            ],
            [
                -0.584,
                0.738,
                0.339,
                -101.686
            ],
            [
                -0.76,
                -0.349,
                -0.549,
                329.287
            ],
            [
                0,
                0,
                0,
                1
            ]
        ]
    },
    "5ikv_A": {
        "pdb_id": "5ikv",
        "auth_asym_id": "A",
        "struct_asym_id": "A",
        "matrix": [
            [
                -1.0,
                -0.0,
                -0.0,
                190.673
            ],
            [
                0.0,
                -1.0,
                0.007,
                222.51
            ],
            [
                -0.0,
                0.007,
                1.0,
                -185.964
            ],
            [
                0,
                0,
                0,
                1
            ]
        ]
    },
    "5kir_A": {
        "pdb_id": "5kir",
        "auth_asym_id": "A",
        "struct_asym_id": "A",
        "matrix": [
            [
                0.287,
                0.584,
                0.76,
                -9.785
            ],
            [
                0.582,
                -0.736,
                0.345,
                15.808
            ],
            [
                0.761,
                0.343,
                -0.551,
                4.629
            ],
            [
                0,
                0,
                0,
                1
            ]
        ]
    },
    "5f19_A": {
        "pdb_id": "5f19",
        "auth_asym_id": "A",
        "struct_asym_id": "A",
        "matrix": [
            [
                0.988,
                -0.15,
                0.036,
                13.712
            ],
            [
                -0.135,
                -0.726,
                0.674,
                30.424
            ],
            [
                -0.075,
                -0.671,
                -0.738,
                82.236
            ],
            [
                0,
                0,
                0,
                1
            ]
        ]
    },
    "5ikt_A": {
        "pdb_id": "5ikt",
        "auth_asym_id": "A",
        "struct_asym_id": "A",
        "matrix": [
            [
                -1.0,
                0.002,
                0.004,
                189.14
            ],
            [
                -0.002,
                -1.0,
                0.01,
                222.902
            ],
            [
                0.004,
                0.01,
                1.0,
                -188.195
            ],
            [
                0,
                0,
                0,
                1
            ]
        ]
    }
}